([1, 0, 1, 1, 3.0, -0.0], [1, 1, 0, 1, 2.0, -0.0], False, False, 100, 99, -3.0, 261)
([1, 1, 0, 1, 2.0, -0.0], [1, 1, 0, 1, 1.0, -0.0], False, False, 99, 98, -3.0, -1)
([1, 1, 0, 1, 1.0, -0.0], [1, 1, 0, 1, 20.024984394500787, -0.049958395721942765], False, False, 98, 148, 57.1249115792243, -1)
([1, 1, 0, 1, 20.024984394500787, -0.049958395721942765], [1, 1, 0, 1, 19.026297590440446, -0.052583061610941714], False, False, 148, 147, -2.993435746292029, -1)
([1, 1, 0, 1, 19.026297590440446, -0.052583061610941714], [1, 1, 0, 1, 18.027756377319946, -0.05549850524571683], False, False, 147, 146, -2.9927081957267205, -1)
([1, 1, 0, 1, 18.027756377319946, -0.05549850524571683], [1, 1, 0, 1, 17.029386365926403, -0.05875582271572269], False, False, 146, 145, -2.9918527167106177, -1)
([1, 1, 0, 1, 17.029386365926403, -0.05875582271572269], [1, 1, 0, 1, 16.0312195418814, -0.06241880999595735], False, False, 145, 144, -2.9908374848547865, -1)
([1, 1, 0, 1, 16.0312195418814, -0.06241880999595735], [0, 0, 1, 1, 16.0, -0.0], False, False, 144, 143, -0.15607743564014953, 259)
([0, 0, 1, 1, 16.0, -0.0], [1, 0, 1, 1, 16.0312195418814, 0.06241880999595735], True, False, 143, 142, -999999999999999.0, -1)
([1, 0, 1, 1, 3.0, -0.0], [1, 1, 0, 1, 2.0, -0.0], False, False, 100, 99, -3.0, 261)
([1, 1, 0, 1, 2.0, -0.0], [1, 1, 0, 1, 1.0, -0.0], False, False, 99, 98, -3.0, -1)
([1, 1, 0, 1, 1.0, -0.0], [1, 1, 0, 1, 1.4142135623730951, -0.7853981633974483], False, False, 98, 148, 2.028038850516734, -1)
([1, 1, 0, 1, 1.4142135623730951, -0.7853981633974483], [1, 1, 0, 1, 2.23606797749979, -0.4636476090008061], False, False, 148, 147, 2.1438126909834416, -1)
([1, 1, 0, 1, 2.23606797749979, -0.4636476090008061], [1, 1, 0, 1, 3.1622776601683795, -0.3217505543966422], False, False, 147, 146, 2.6367319934016047, -1)
([1, 1, 0, 1, 3.1622776601683795, -0.3217505543966422], [1, 1, 0, 1, 4.123105625617661, -0.24497866312686414], False, False, 146, 145, 2.805712005078064, -1)
([1, 1, 0, 1, 4.123105625617661, -0.24497866312686414], [1, 1, 0, 1, 5.0990195135927845, -0.19739555984988078], False, False, 145, 144, 2.8801585606483897, -1)
([1, 1, 0, 1, 5.0990195135927845, -0.19739555984988078], [1, 1, 0, 1, 6.082762530298219, -0.16514867741462683], False, False, 144, 143, 2.918982167681053, -1)
([1, 1, 0, 1, 6.082762530298219, -0.16514867741462683], [1, 1, 0, 1, 7.0710678118654755, -0.1418970546041639], False, False, 143, 142, 2.9416642218913047, -1)
([1, 1, 0, 1, 7.0710678118654755, -0.1418970546041639], [1, 1, 0, 1, 8.06225774829855, -0.12435499454676144], False, False, 142, 141, 2.956027749241816, -1)
([1, 1, 0, 1, 8.06225774829855, -0.12435499454676144], [1, 1, 0, 1, 9.055385138137417, -0.11065722117389563], False, False, 141, 140, 2.9656843961437396, -1)
([1, 1, 0, 1, 9.055385138137417, -0.11065722117389563], [1, 1, 0, 1, 10.04987562112089, -0.09966865249116204], False, False, 140, 139, 2.972482880267684, -1)
([1, 1, 0, 1, 10.04987562112089, -0.09966865249116204], [1, 1, 0, 1, 11.045361017187261, -0.09065988720074511], False, False, 139, 138, 2.9774474229086962, -1)
([1, 1, 0, 1, 11.045361017187261, -0.09065988720074511], [1, 1, 0, 1, 12.041594578792296, -0.08314123188844122], False, False, 138, 137, 2.981182029502797, -1)
([1, 1, 0, 1, 12.041594578792296, -0.08314123188844122], [0, 1, 1, 1, 12.0, 0.0], False, False, 137, 136, -0.20792496826532414, 258)
([0, 1, 1, 1, 12.0, 0.0], [0, 1, 1, 1, 12.041594578792296, 0.08314123188844122], False, False, 136, 135, 0.04164250448844342, -1)
([0, 1, 1, 1, 12.041594578792296, 0.08314123188844122], [0, 1, 1, 1, 12.165525060596439, 0.16514867741462683], False, False, 135, 134, 0.2897839998862466, -1)
([0, 1, 1, 1, 12.165525060596439, 0.16514867741462683], [0, 1, 1, 1, 12.36931687685298, 0.24497866312686414], False, False, 134, 133, 0.531545463057391, -1)
([0, 1, 1, 1, 12.36931687685298, 0.24497866312686414], [0, 1, 1, 1, 12.649110640673518, 0.3217505543966422], False, False, 133, 132, 0.7626094001918275, -1)
([0, 1, 1, 1, 12.649110640673518, 0.3217505543966422], [0, 1, 1, 1, 13.0, 0.39479111969976155], False, False, 132, 131, 0.9796275126763305, -1)
([0, 1, 1, 1, 13.0, 0.39479111969976155], [1, 1, 1, 0, 12.083045973594572, 0.4266274931268761], False, False, 131, 130, -2.7826984526434018, 260)
([1, 1, 1, 0, 12.083045973594572, 0.4266274931268761], [1, 1, 1, 0, 11.180339887498949, 0.4636476090008061], False, False, 130, 129, -2.7451383741607955, -1)
([1, 1, 1, 0, 11.180339887498949, 0.4636476090008061], [1, 1, 1, 0, 10.295630140987, 0.507098504392337], False, False, 129, 128, -2.697580134927378, -1)
([1, 1, 1, 0, 10.295630140987, 0.507098504392337], [1, 1, 1, 0, 9.433981132056603, 0.5585993153435624], False, False, 128, 127, -2.6364478377424163, -1)
([1, 1, 1, 0, 9.433981132056603, 0.5585993153435624], [1, 1, 1, 0, 8.602325267042627, 0.6202494859828215], False, False, 127, 126, -2.556617765681189, -1)
([1, 1, 1, 0, 8.602325267042627, 0.6202494859828215], [1, 1, 1, 0, 7.810249675906654, 0.6947382761967033], False, False, 126, 125, -2.4507155636217988, -1)
([1, 1, 1, 0, 7.810249675906654, 0.6947382761967033], [1, 0, 1, 1, 7.211102550927978, 0.5880026035475675], False, False, 125, 124, -1.6907057022868948, 259)
([1, 0, 1, 1, 7.211102550927978, 0.5880026035475675], [1, 1, 1, 0, 6.4031242374328485, 0.6747409422235527], False, False, 124, 123, -2.5106732791613737, 260)
([1, 1, 1, 0, 6.4031242374328485, 0.6747409422235527], [1, 1, 1, 0, 5.656854249492381, 0.7853981633974483], False, False, 123, 122, -2.349467184995298, -1)
([1, 1, 1, 0, 5.656854249492381, 0.7853981633974483], [1, 1, 1, 0, 5.0, 0.9272952180016122], False, False, 122, 121, -2.1124598030813058, -1)
([1, 1, 1, 0, 5.0, 0.9272952180016122], [1, 1, 1, 0, 4.47213595499958, 1.1071487177940904], False, False, 121, 120, -1.7634456347937384, -1)
([1, 1, 1, 0, 4.47213595499958, 1.1071487177940904], [1, 1, 1, 0, 4.123105625617661, 1.3258176636680326], False, False, 120, 119, -1.2657599340197017, -1)
([1, 1, 1, 0, 4.123105625617661, 1.3258176636680326], [1, 1, 1, 0, 4.0, 0], False, False, 119, 118, 0.9565007868150524, -1)
([1, 1, 1, 0, 4.0, 0], [1, 0, 1, 1, 3.0, 0], False, False, 118, 117, -3.0, 259)
([1, 0, 1, 1, 3.0, 0], [1, 0, 1, 1, 2.0, 0], False, False, 117, 116, -3.0, -1)
([1, 0, 1, 1, 2.0, 0], [1, 0, 1, 1, 1.0, 0], False, False, 116, 115, -3.0, -1)
([1, 0, 1, 1, 1.0, 0], [1, 0, 1, 1, 14.035668847618199, 0.07130746478529032], False, False, 115, 165, 39.03569907806931, -1)
([1, 0, 1, 1, 14.035668847618199, 0.07130746478529032], [1, 0, 1, 1, 14.142135623730951, 0.1418970546041639], False, False, 165, 164, 0.2488107385193814, -1)
([1, 0, 1, 1, 14.142135623730951, 0.1418970546041639], [0, 0, 1, 1, 14.317821063276353, 0.21109333322274654], False, False, 164, 163, 0.4578600400176214, -1)
([0, 0, 1, 1, 14.317821063276353, 0.21109333322274654], [0, 1, 0, 1, 13.341664064126334, 0.2267988480538859], False, False, 163, 162, -2.944176512281196, 261)
([0, 1, 0, 1, 13.341664064126334, 0.2267988480538859], [0, 1, 0, 1, 12.36931687685298, 0.24497866312686414], False, False, 162, 161, -2.9352213768930326, -1)
([0, 1, 0, 1, 12.36931687685298, 0.24497866312686414], [0, 1, 0, 1, 11.40175425099138, 0.2662520491509253], False, False, 161, 160, -2.9239612636088737, -1)
([0, 1, 0, 1, 11.40175425099138, 0.2662520491509253], [0, 1, 0, 1, 10.44030650891055, 0.2914567944778671], False, False, 160, 159, -2.909547971569424, -1)
([0, 1, 0, 1, 10.44030650891055, 0.2914567944778671], [0, 1, 1, 1, 10.198039027185569, 0.19739555984988078], False, False, 159, 158, -0.632741210546957, 258)
([0, 1, 1, 1, 10.198039027185569, 0.19739555984988078], [1, 1, 0, 1, 9.219544457292887, 0.21866894587394195], False, False, 158, 157, -2.956757095702109, 261)
([1, 1, 0, 1, 9.219544457292887, 0.21866894587394195], [1, 1, 0, 1, 8.246211251235321, 0.24497866312686414], False, False, 157, 156, -2.946309335425621, -1)
([1, 1, 0, 1, 8.246211251235321, 0.24497866312686414], [1, 1, 0, 1, 7.280109889280518, 0.27829965900511133], False, False, 156, 155, -2.931625081742652, -1)
([1, 1, 0, 1, 7.280109889280518, 0.27829965900511133], [1, 1, 0, 1, 6.324555320336759, 0.3217505543966422], False, False, 155, 154, -2.910114602222812, -1)
([1, 1, 0, 1, 6.324555320336759, 0.3217505543966422], [1, 1, 0, 1, 5.385164807134504, 0.3805063771123649], False, False, 154, 153, -2.876927362322487, -1)
([1, 1, 0, 1, 5.385164807134504, 0.3805063771123649], [0, 1, 1, 1, 5.0990195135927845, 0.19739555984988078], False, False, 153, 152, -0.6753250633626724, 258)
([0, 1, 1, 1, 5.0990195135927845, 0.19739555984988078], [0, 1, 1, 1, 5.0, -0.0], False, False, 152, 151, -0.09966298092847303, -1)
([0, 1, 1, 1, 5.0, -0.0], [0, 1, 1, 1, 5.0990195135927845, -0.19739555984988078], False, False, 151, 150, 0.4944541006282339, -1)
([0, 1, 1, 1, 5.0990195135927845, -0.19739555984988078], [1, 1, 0, 1, 4.123105625617661, -0.24497866312686414], False, False, 150, 149, -2.8801585606483897, 261)
([1, 1, 0, 1, 4.123105625617661, -0.24497866312686414], [1, 1, 0, 1, 3.1622776601683795, -0.3217505543966422], False, False, 149, 148, -2.805712005078064, -1)
([1, 1, 0, 1, 3.1622776601683795, -0.3217505543966422], [1, 1, 0, 1, 2.23606797749979, -0.4636476090008061], False, False, 148, 147, -2.6367319934016047, -1)
([1, 1, 0, 1, 2.23606797749979, -0.4636476090008061], [1, 1, 0, 1, 1.4142135623730951, -0.7853981633974483], False, False, 147, 146, -2.1438126909834416, -1)
([1, 1, 0, 1, 1.4142135623730951, -0.7853981633974483], [1, 1, 0, 1, 1.0, 0], False, False, 146, 145, -2.028038850516734, -1)
([1, 1, 0, 1, 1.0, 0], [1, 0, 1, 1, 9.219544457292887, 0.7086262721276703], False, False, 145, 195, 23.95000709975099, 259)
([1, 0, 1, 1, 9.219544457292887, 0.7086262721276703], [1, 0, 1, 1, 9.899494936611665, 0.7853981633974483], False, False, 195, 194, 1.9630795466865543, -1)
([1, 0, 1, 1, 9.899494936611665, 0.7853981633974483], [1, 0, 1, 1, 10.63014581273465, 0.851966327173272], False, False, 194, 193, 2.1253844645931323, -1)
([1, 0, 1, 1, 10.63014581273465, 0.851966327173272], [0, 0, 1, 1, 11.40175425099138, 0.9097531579442097], False, False, 193, 192, 2.2570384839992492, -1)
([0, 0, 1, 1, 11.40175425099138, 0.9097531579442097], [0, 1, 0, 1, 10.816653826391969, 0.982793723247329], False, False, 192, 191, -1.828341839101352, 261)
([0, 1, 0, 1, 10.816653826391969, 0.982793723247329], [0, 1, 0, 1, 10.295630140987, 1.0636978224025597], False, False, 191, 190, -1.643975155370132, -1)
([0, 1, 0, 1, 10.295630140987, 1.0636978224025597], [0, 1, 1, 1, 9.433981132056603, 1.0121970114513341], False, False, 190, 189, -2.533446215839966, 258)
([0, 1, 1, 1, 9.433981132056603, 1.0121970114513341], [0, 1, 1, 1, 8.602325267042627, 0.9505468408120751], False, False, 189, 188, -2.43331742440267, -1)
([0, 1, 1, 1, 8.602325267042627, 0.9505468408120751], [0, 1, 1, 1, 7.810249675906654, 0.8760580505981934], False, False, 188, 187, -2.3017379831940374, -1)
([0, 1, 1, 1, 7.810249675906654, 0.8760580505981934], [0, 1, 1, 1, 7.0710678118654755, 0.7853981633974483], False, False, 187, 186, -2.126885704922792, -1)
([0, 1, 1, 1, 7.0710678118654755, 0.7853981633974483], [0, 1, 1, 1, 6.4031242374328485, 0.6747409422235527], False, False, 186, 185, -1.893173502123986, -1)
([0, 1, 1, 1, 6.4031242374328485, 0.6747409422235527], [0, 1, 1, 1, 5.830951894845301, 0.5404195002705842], False, False, 185, 184, -1.5821955858096715, -1)
([0, 1, 1, 1, 5.830951894845301, 0.5404195002705842], [1, 1, 1, 0, 6.708203932499369, 0.4636476090008061], False, False, 184, 183, 2.708528004231983, 260)
([1, 1, 1, 0, 6.708203932499369, 0.4636476090008061], [1, 1, 1, 0, 7.615773105863909, 0.4048917862850834], False, False, 183, 182, 2.7814633428093387, -1)
([1, 1, 1, 0, 7.615773105863909, 0.4048917862850834], [1, 0, 1, 1, 8.06225774829855, 0.5191461142465229], False, False, 182, 181, 1.2251995993424813, 259)
([1, 0, 1, 1, 8.06225774829855, 0.5191461142465229], [1, 0, 1, 1, 8.602325267042627, 0.6202494859828215], False, False, 181, 180, 1.5190991844959356, -1)
([1, 0, 1, 1, 8.602325267042627, 0.6202494859828215], [1, 0, 1, 1, 9.219544457292887, 0.7086262721276703], False, False, 180, 179, 1.7632807846059322, -1)
([1, 0, 1, 1, 9.219544457292887, 0.7086262721276703], [1, 0, 1, 1, 9.899494936611665, 0.7853981633974483], False, False, 179, 178, 1.9630795466865543, -1)
([1, 0, 1, 1, 9.899494936611665, 0.7853981633974483], [1, 1, 1, 0, 10.63014581273465, 0.7188299996216245], False, False, 178, 177, 2.258520792144779, 260)
([1, 1, 1, 0, 10.63014581273465, 0.7188299996216245], [1, 1, 1, 0, 11.40175425099138, 0.6610431688506869], False, False, 177, 176, 2.3726121455411224, -1)
([1, 1, 1, 0, 11.40175425099138, 0.6610431688506869], [1, 1, 1, 0, 12.206555615733702, 0.6107259643892086], False, False, 176, 175, 2.4647212986884455, -1)
([1, 1, 1, 0, 12.206555615733702, 0.6107259643892086], [1, 1, 1, 0, 13.038404810405298, 0.5667292175235064], False, False, 175, 174, 2.5395443308804957, -1)
([1, 1, 1, 0, 13.038404810405298, 0.5667292175235064], [1, 1, 1, 0, 13.892443989449804, 0.5280744484263596], False, False, 174, 173, 2.6007723062306667, -1)
([1, 1, 1, 0, 13.892443989449804, 0.5280744484263596], [1, 1, 1, 0, 14.7648230602334, 0.4939413689195812], False, False, 173, 172, 2.6512702918575712, -1)
([1, 1, 1, 0, 14.7648230602334, 0.4939413689195812], [1, 1, 1, 0, 15.652475842498529, 0.4636476090008061], False, False, 172, 171, 2.693252106714148, -1)
([1, 1, 1, 0, 15.652475842498529, 0.4636476090008061], [1, 1, 1, 0, 16.55294535724685, 0.43662715981354133], False, False, 171, 170, 2.7284289934322317, -1)
([1, 1, 1, 0, 16.55294535724685, 0.43662715981354133], [1, 1, 1, 0, 17.46424919657298, 0.4124104415973873], False, False, 170, 169, 2.758128236194544, -1)
([1, 1, 1, 0, 17.46424919657298, 0.4124104415973873], [0, 1, 1, 1, 17.08800749063506, 0.35877067027057225], False, False, 169, 168, -1.0750853464869436, 258)
([0, 1, 1, 1, 17.08800749063506, 0.35877067027057225], [0, 1, 1, 1, 16.76305461424021, 0.3028848683749714], False, False, 168, 167, -0.9189728272889468, -1)
([0, 1, 1, 1, 16.76305461424021, 0.3028848683749714], [0, 1, 1, 1, 16.492422502470642, 0.24497866312686414], False, False, 167, 166, -0.7539901300606004, -1)
([0, 1, 1, 1, 16.492422502470642, 0.24497866312686414], [0, 1, 1, 1, 16.278820596099706, 0.18534794999569476], False, False, 166, 165, -0.5811750059816347, -1)
([0, 1, 1, 1, 16.278820596099706, 0.18534794999569476], [0, 1, 1, 1, 16.1245154965971, 0.12435499454676144], False, False, 165, 164, -0.4019223430588923, -1)
([0, 1, 1, 1, 16.1245154965971, 0.12435499454676144], [1, 1, 0, 1, 15.132745950421556, 0.13255153229667402], False, False, 164, 163, -2.9835051762765374, 261)
([1, 1, 0, 1, 15.132745950421556, 0.13255153229667402], [1, 1, 0, 1, 14.142135623730951, 0.1418970546041639], False, False, 163, 162, -2.9811765023793058, -1)
([1, 1, 0, 1, 14.142135623730951, 0.1418970546041639], [1, 1, 0, 1, 13.152946437965905, 0.15264932839526515], False, False, 162, 161, -2.978319831086239, -1)
([1, 1, 0, 1, 13.152946437965905, 0.15264932839526515], [1, 1, 0, 1, 12.165525060596439, 0.16514867741462683], False, False, 161, 160, -2.9747634811277592, -1)
([1, 1, 0, 1, 12.165525060596439, 0.16514867741462683], [1, 1, 0, 1, 11.180339887498949, 0.17985349979247828], False, False, 160, 159, -2.9702603416703184, -1)
([1, 1, 0, 1, 11.180339887498949, 0.17985349979247828], [1, 1, 0, 1, 10.198039027185569, 0.19739555984988078], False, False, 159, 158, -2.964444640997545, -1)
([1, 1, 0, 1, 10.198039027185569, 0.19739555984988078], [1, 1, 0, 1, 9.219544457292887, 0.21866894587394195], False, False, 158, 157, -2.956757095702109, -1)
([1, 1, 0, 1, 9.219544457292887, 0.21866894587394195], [1, 1, 0, 1, 8.246211251235321, 0.24497866312686414], False, False, 157, 156, -2.946309335425621, -1)
([1, 1, 0, 1, 8.246211251235321, 0.24497866312686414], [1, 1, 0, 1, 7.280109889280518, 0.27829965900511133], False, False, 156, 155, -2.931625081742652, -1)
([1, 1, 0, 1, 7.280109889280518, 0.27829965900511133], [1, 1, 0, 1, 6.324555320336759, 0.3217505543966422], False, False, 155, 154, -2.910114602222812, -1)
([1, 1, 0, 1, 6.324555320336759, 0.3217505543966422], [1, 1, 0, 1, 5.385164807134504, 0.3805063771123649], False, False, 154, 153, -2.876927362322487, -1)
([1, 1, 0, 1, 5.385164807134504, 0.3805063771123649], [1, 1, 0, 1, 4.47213595499958, 0.4636476090008061], False, False, 153, 152, -2.822227788293212, -1)
([1, 1, 0, 1, 4.47213595499958, 0.4636476090008061], [1, 1, 0, 1, 3.605551275463989, 0.5880026035475675], False, False, 152, 151, -2.7241090331535336, -1)
([1, 1, 0, 1, 3.605551275463989, 0.5880026035475675], [1, 1, 0, 1, 2.8284271247461903, 0.7853981633974483], False, False, 151, 150, -2.528768012003277, -1)
([1, 1, 0, 1, 2.8284271247461903, 0.7853981633974483], [1, 1, 0, 1, 2.23606797749979, 1.1071487177940904], False, False, 150, 149, -2.098827996135844, -1)
([1, 1, 0, 1, 2.23606797749979, 1.1071487177940904], [1, 1, 0, 1, 2.0, 0], False, False, 149, 148, 0.398944785294721, -1)
([1, 1, 0, 1, 2.0, 0], [1, 1, 0, 1, 2.23606797749979, -1.1071487177940904], False, False, 148, 147, 1.8153526502934598, -1)
([1, 1, 0, 1, 2.23606797749979, -1.1071487177940904], [1, 1, 0, 1, 2.8284271247461903, -0.7853981633974483], False, False, 147, 146, 1.4553268873425607, -1)
([1, 1, 0, 1, 2.8284271247461903, -0.7853981633974483], [1, 1, 0, 1, 3.605551275463989, -0.5880026035475675], False, False, 146, 145, 2.1339768923035134, -1)
([1, 1, 0, 1, 3.605551275463989, -0.5880026035475675], [1, 1, 0, 1, 4.47213595499958, -0.4636476090008061], False, False, 145, 144, 2.47539904406001, -1)
([1, 1, 0, 1, 4.47213595499958, -0.4636476090008061], [1, 1, 0, 0, 5.385164807134504, -0.3805063771123649], False, False, 144, 143, 2.655945324516331, -1)
([1, 1, 0, 0, 5.385164807134504, -0.3805063771123649], [1, 1, 0, 1, 6.324555320336759, -0.3217505543966422], True, False, 143, 142, -999999999999996.2, -1)
([1, 0, 1, 1, 3.0, -0.0], [0, 0, 1, 1, 3.1622776601683795, 0.3217505543966422], False, False, 100, 99, 0.165082426108496, 259)
([0, 0, 1, 1, 3.1622776601683795, 0.3217505543966422], [1, 0, 1, 1, 3.605551275463989, 0.5880026035475675], True, False, 99, 98, -999999999999997.9, -1)
([1, 0, 1, 1, 3.0, -0.0], [0, 0, 1, 1, 3.1622776601683795, 0.3217505543966422], False, False, 100, 99, 0.165082426108496, 259)
([0, 0, 1, 1, 3.1622776601683795, 0.3217505543966422], [1, 0, 1, 1, 3.605551275463989, 0.5880026035475675], True, False, 99, 98, -999999999999997.9, -1)
